3,2
10,278
10,176
10,234
10,172
10,190
10,80
10,302
10,256
11,22
9,4
9,6
8,9
51,5
51,4
51,3
51,2
51,1
51,0
50,3
50,2
50,1
50,0
49,3
49,2
49,1
49,0
48,3
48,2
48,1
48,0
41,3
41,2
41,1
41,0
20,3
20,2
20,1
12,3
12,2
12,1
11,30
11,29
11,28
11,27
11,26
11,25
11,24
11,23
11,21
11,19
11,17
11,15
19,2
19,1
11,14
11,12
11,11
11,7
11,6
11,4
11,3
19,3
11,2
11,1
10,311
10,285
10,283
10,262
10,255
10,238
10,232
10,231
10,220
10,196
10,189
10,185
10,169
10,158
10,136
18,1
10,133
18,3
10,117
10,99
14,1
10,91
10,71
14,3
13,1
10,70
10,29
10,13
10,3
13,3
10,2
10,1
9,7
9,5
9,3
9,2
9,1
8,18
8,17
8,15
8,14
8,12
